<?xml version="1.0"?>
<opencv_storage>
<name>Feat</name>
<descriptors type_id="opencv-matrix">
  <rows>1152</rows>
  <cols>9</cols>
  <dt>f</dt>
  <data>
    28. 19. 72. 28. 14. 5. 7. 30. 27. 24. 6. 27. 14. 2. 8. 14. 6. 12.
    67. 20. 37. 40. 4. 24. 36. 15. 43. 23. 8. 24. 11. 7. 17. 33. 9. 19.
    3. 9. 27. 3. 9. 24. 11. 7. 12. 25. 37. 26. 43. 21. 56. 36. 32. 55.
    74. 95. 56. 93. 94. 80. 77. 105. 62. 48. 72. 69. 97. 67. 41. 41. 66.
    73. 110. 107. 93. 105. 109. 108. 109. 105. 100. 40. 4. 28. 17. 6.
    39. 47. 13. 11. 6. 2. 22. 3. 0. 14. 8. 2. 5. 3. 5. 25. 6. 4. 8. 9.
    3. 4. 47. 34. 97. 41. 48. 58. 60. 60. 33. 16. 17. 56. 21. 18. 44.
    31. 40. 19. 16. 35. 30. 44. 34. 45. 25. 28. 27. 40. 69. 78. 47. 52.
    93. 87. 65. 104. 19. 32. 65. 24. 45. 29. 25. 15. 29. 5. 2. 28. 5. 4.
    6. 7. 6. 5. 14. 1. 11. 4. 0. 9. 15. 4. 7. 27. 8. 16. 18. 3. 24. 26.
    7. 13. 110. 107. 61. 104. 109. 108. 109. 94. 106. 69. 58. 88. 60.
    67. 108. 109. 105. 88. 46. 31. 40. 46. 43. 70. 65. 83. 22. 10. 16.
    32. 18. 13. 37. 13. 20. 16. 6. 8. 29. 3. 10. 35. 17. 17. 17. 27. 5.
    26. 11. 3. 13. 16. 19. 29. 75. 13. 18. 42. 1. 8. 22. 12. 57. 10. 5.
    38. 14. 2. 2. 3. 3. 16. 14. 23. 22. 27. 10. 20. 17. 30. 37. 41. 48.
    40. 86. 46. 32. 21. 35. 57. 110. 101. 66. 101. 109. 73. 73. 105. 53.
    47. 37. 27. 35. 26. 81. 85. 56. 41. 11. 6. 6. 4. 6. 2. 5. 9. 8. 2.
    11. 3. 1. 3. 8. 9. 24. 5. 3. 9. 13. 1. 5. 8. 3. 8. 3. 8. 31. 36. 18.
    14. 9. 14. 27. 13. 21. 33. 30. 27. 50. 18. 10. 43. 27. 34. 9. 16.
    19. 12. 28. 35. 9. 45. 110. 60. 56. 63. 43. 108. 109. 65. 81. 33.
    12. 45. 37. 28. 23. 32. 13. 42. 80. 96. 108. 105. 109. 96. 80. 66.
    97. 42. 53. 26. 24. 48. 32. 20. 49. 25. 25. 39. 38. 25. 44. 46. 53.
    64. 56. 34. 42. 51. 35. 30. 38. 41. 52. 43. 53. 49. 83. 78. 63. 66.
    42. 49. 60. 22. 11. 29. 17. 8. 16. 21. 19. 12. 31. 12. 15. 12. 8.
    39. 39. 12. 13. 29. 41. 70. 19. 22. 35. 59. 22. 49. 73. 44. 77. 64.
    63. 54. 49. 46. 67. 41. 43. 54. 51. 39. 44. 37. 77. 34. 25. 40. 51.
    25. 47. 54. 50. 52. 43. 32. 58. 28. 21. 48. 27. 24. 38. 34. 61. 107.
    108. 95. 109. 66. 68. 51. 106. 37. 27. 84. 24. 17. 49. 66. 45. 62.
    53. 19. 28. 22. 9. 54. 63. 47. 15. 21. 11. 15. 14. 8. 15. 16. 9. 9.
    18. 34. 35. 24. 37. 9. 9. 9. 23. 8. 41. 32. 17. 26. 9. 8. 24. 6. 4.
    10. 8. 1. 10. 19. 7. 15. 2. 9. 2. 3. 1. 5. 20. 16. 73. 6. 6. 2. 6.
    3. 6. 15. 23. 36. 11. 16. 13. 20. 32. 14. 14. 20. 14. 57. 110. 77.
    55. 85. 34. 68. 66. 71. 100. 47. 12. 22. 18. 10. 38. 44. 17. 43. 18.
    4. 2. 3. 4. 26. 11. 17. 12. 14. 20. 2. 4. 9. 22. 18. 63. 25. 15. 32.
    13. 7. 19. 12. 16. 83. 14. 15. 70. 44. 72. 39. 29. 47. 47. 21. 40.
    71. 55. 82. 59. 32. 17. 45. 58. 25. 14. 34. 16. 22. 6. 8. 5. 20. 3.
    1. 29. 5. 1. 0. 2. 0. 7. 5. 3. 10. 5. 2. 1. 2. 0. 3. 15. 9. 22. 22.
    11. 13. 10. 9. 12. 47. 106. 54. 69. 64. 26. 22. 37. 38. 59. 107.
    108. 105. 109. 79. 106. 97. 104. 73. 87. 71. 86. 79. 82. 95. 98. 57.
    91. 64. 40. 63. 79. 108. 43. 53. 71. 81. 20. 49. 37. 52. 34. 52. 18.
    75. 78. 22. 63. 52. 10. 16. 81. 22. 62. 16. 18. 23. 12. 11. 16. 13.
    11. 11. 110. 72. 41. 75. 76. 108. 65. 62. 96. 77. 74. 58. 88. 87.
    86. 75. 92. 57. 57. 101. 108. 105. 107. 85. 103. 105. 82. 51. 98.
    63. 67. 70. 33. 31. 53. 43. 10. 11. 17. 22. 16. 10. 9. 15. 14. 15.
    13. 20. 15. 15. 14. 11. 13. 15. 65. 19. 74. 48. 10. 20. 71. 9. 56.
    69. 39. 56. 47. 57. 29. 62. 4. 43. 33. 54. 68. 73. 49. 25. 25. 9.
    51. 17. 66. 49. 63. 52. 38. 23. 25. 14. 15. 44. 21. 11. 26. 16. 19.
    80. 14. 36. 10. 1. 8. 5. 24. 22. 105. 39. 11. 7. 1. 2. 8. 43. 35.
    25. 13. 1. 5. 2. 2. 11. 12. 9. 0. 6. 1. 2. 10. 4. 2. 1. 1. 0. 11. 8.
    25. 28. 14. 27. 5. 8. 0. 11. 15. 12. 3. 4. 4. 14. 3. 20. 8. 17. 19.
    6. 7. 11. 18. 4. 36. 10. 49. 54. 79. 60. 55. 13. 38. 70. 50. 32. 84.
    76. 94. 109. 55. 35. 20. 58. 12. 23. 22. 30. 19. 28. 14. 5. 15. 7.
    4. 11. 9. 7. 4. 9. 5. 8. 8. 9. 2. 1. 6. 8. 14. 28. 13. 1. 20. 1. 1.
    2. 3. 2. 15. 3. 1. 8. 14. 9. 9. 3. 1. 7. 0. 5. 13. 21. 22. 19. 6. 4.
    24. 9. 110. 55. 47. 41. 67. 64. 109. 78. 106. 44. 25. 34. 39. 70.
    67. 34. 27. 40. 13. 17. 12. 20. 28. 29. 9. 8. 11. 28. 23. 21. 26.
    25. 13. 27. 10. 36. 73. 70. 27. 39. 41. 82. 91. 69. 83. 11. 60. 10.
    16. 35. 26. 6. 21. 8. 11. 18. 8. 22. 22. 22. 9. 10. 18. 21. 35. 35.
    51. 69. 54. 40. 16. 52. 110. 52. 43. 36. 69. 76. 109. 55. 106. 14.
    13. 24. 22. 18. 20. 7. 39. 8. 2. 8. 9. 10. 12. 5. 1. 14. 1. 5. 57.
    14. 20. 42. 13. 10. 27. 17. 78. 63. 34. 35. 44. 108. 80. 65. 67. 36.
    18. 15. 21. 26. 20. 21. 10. 19. 14. 20. 18. 27. 13. 37. 28. 4. 14.
    26. 69. 69. 85. 109. 52. 22. 7. 28. 68. 73. 86. 69. 82. 19. 47. 23.
    32. 16. 16. 8. 8. 8. 38. 10. 53. 19. 11. 10. 4. 3. 7. 25. 2. 43. 3.
    2. 14. 3. 1. 15. 5. 1. 10. 1. 19. 11. 3. 0. 14. 18. 7. 17. 5. 10. 5.
    8. 7. 6. 9. 11. 4. 5. 10. 12. 4. 4. 13. 32. 26. 16. 17. 4. 12. 4. 7.
    11. 4. 6. 29. 15. 20. 6. 7. 2. 3. 4. 7. 9. 5. 15. 1. 3. 1. 1. 3. 9.
    4. 3. 5. 1. 4. 2. 2. 22. 8. 6. 7. 44. 14. 9. 24. 9. 61. 83. 46. 97.
    108. 80. 68. 68. 37. 92. 101. 113. 67. 27. 16. 37. 19. 18. 19. 21.
    18. 12. 40. 21. 20. 9. 22. 50. 41. 26. 27. 10. 8. 5. 4. 9. 6. 6. 9.
    3. 8. 4. 19. 5. 15. 2. 8. 5. 3. 5. 23. 57. 39. 23. 10. 12. 16. 13.
    14. 36. 44. 48. 74. 17. 9. 28. 21. 28. 16. 24. 19. 11. 26. 17. 20.
    34. 108. 79. 51. 42. 24. 109. 114. 115. 82. 54. 25. 42. 26. 21. 76.
    106. 54. 96. 88. 93. 111. 89. 86. 103. 93. 74. 111. 29. 23. 37. 33.
    53. 20. 11. 22. 13. 5. 13. 68. 49. 53. 10. 7. 11. 14. 12. 21. 50.
    39. 37. 12. 7. 9. 19. 71. 59. 70. 73. 56. 98. 90. 62. 81. 24. 14.
    28. 12. 6. 60. 76. 42. 21. 13. 7. 9. 4. 2. 27. 25. 16. 7. 23. 37.
    49. 15. 12. 35. 41. 31. 36. 20. 26. 47. 45. 42. 12. 10. 18. 20. 5.
    21. 48. 48. 28. 10. 6. 22. 11. 4. 8. 50. 26. 29. 8. 7. 5. 5. 6. 16.
    25. 18. 24. 5. 4. 6. 11. 32. 70. 62. 50. 46. 26. 23. 38. 75. 40. 23.
    46. 14. 9. 53. 52. 60. 77. 96. 32. 25. 15. 9. 103. 114. 99. 31. 24.
    9. 12. 10. 7. 40. 39. 16. 6. 24. 20. 16. 26. 18. 27. 31. 32. 58. 32.
    73. 12. 36. 19. 32. 42. 115. 53. 13. 11. 10. 8. 14. 28. 7. 27. 9. 4.
    4. 9. 9. 11. 4. 8. 3. 2. 2. 2. 7. 7. 4. 2. 1. 1. 3. 5. 1. 9. 2. 2.
    4. 6. 0. 8. 14. 1. 38. 3. 1. 15. 16. 3. 10. 7. 1. 20. 6. 5. 7. 6. 0.
    4. 13. 9. 3. 4. 4. 21. 16. 17. 9. 13. 32. 5. 10. 13. 22. 15. 38. 18.
    17. 47. 30. 22. 40. 28. 37. 44. 35. 46. 99. 80. 112. 77. 51. 105.
    79. 49. 98. 108. 97. 112. 111. 106. 48. 100. 111. 51. 18. 63. 36.
    54. 18. 24. 8. 39. 26. 2. 35. 9. 2. 17. 35. 6. 28. 6. 5. 11. 5. 3.
    6. 10. 4. 12. 51. 21. 15. 17. 16. 65. 45. 36. 40. 90. 108. 56. 71.
    77. 65. 64. 80. 70. 99. 108. 111. 112. 111. 109. 114. 115. 111. 90.
    103. 71. 81. 77. 75. 85. 102. 76. 48. 36. 32. 49. 46. 62. 38. 41.
    50. 35. 9. 52. 44. 41. 20. 27. 16. 39. 56. 11. 99. 83. 16. 8. 61. 9.
    46. 26. 10. 29. 19. 20. 16. 26. 12. 19. 100. 68. 48. 84. 86. 76. 60.
    52. 105. 54. 64. 56. 82. 82. 53. 66. 94. 45. 24. 74. 86. 75. 59. 37.
    33. 78. 48. 31. 67. 42. 44. 32. 19. 20. 48. 33. 9. 18. 9. 11. 9. 18.
    22. 16. 22. 5. 5. 15. 11. 14. 10. 13. 8. 15. 18. 6. 63. 41. 7. 10.
    19. 5. 27. 29. 30. 61. 51. 61. 14. 24. 3. 24. 46. 27. 10. 10. 10.
    38. 12. 54. 41. 58. 98. 32. 55. 59. 38. 15. 115. 38. 13. 29. 70. 54.
    32. 9. 19. 49. 12. 7. 47. 84. 71. 74. 16. 22. 9. 14. 2. 24. 21. 15.
    18. 19. 11. 1. 9. 0. 12. 2. 0. 2. 23. 8. 0. 3. 0. 2. 1. 0. 2. 3. 1.
    2. 0. 1. 0. 1. 0. 1. 2. 2. 1. 9. 15. 13. 13. 13. 10. 14. 4. 13. 8.
    14. 21. 17. 15. 18. 11. 8. 42. 11. 89. 82. 111. 112. 107. 37. 100.
    115. 98. 46. 108. 111. 112. 111. 109. 70. 67. 85. 35. 66. 33. 42.
    34. 74. 27. 31. 47. 46. 13. 16. 14. 15. 16. 38. 8. 41. 21. 16. 6. 4.
    25. 25. 42. 25. 25. 4. 41. 4. 8. 16. 11. 5. 13. 3. 13. 8. 22. 14.
    12. 23. 9. 11. 5. 16. 24. 38. 37. 30. 25. 19. 30. 19. 108. 66. 69.
    69. 96. 82. 114. 66. 111. 34. 29. 38. 40. 50. 43. 28. 59. 28. 25.
    23. 13. 18. 22. 35. 8. 22. 17. 48. 50. 24. 34. 35. 27. 38. 23. 68.
