<?xml version="1.0"?>
<opencv_storage>
<name>Feat</name>
<descriptors type_id="opencv-matrix">
  <rows>1152</rows>
  <cols>17</cols>
  <dt>f</dt>
  <data>
    28. 12. 17. 19. 72. 28. 14. 13. 14. 16. 5. 1. 3. 7. 30. 7. 27. 24.
    12. 7. 6. 27. 14. 14. 3. 2. 7. 8. 4. 5. 14. 6. 11. 12. 67. 10. 14.
    20. 37. 40. 12. 15. 4. 55. 24. 7. 35. 36. 15. 5. 43. 23. 28. 15. 8.
    24. 11. 16. 18. 7. 34. 17. 37. 59. 33. 9. 35. 19. 3. 123. 27. 9. 27.
    3. 121. 26. 9. 30. 24. 116. 13. 11. 7. 119. 12. 25. 77. 47. 37. 26.
    43. 121. 56. 21. 31. 56. 55. 31. 36. 32. 58. 55. 74. 6. 53. 95. 56.
    93. 15. 32. 94. 21. 80. 1. 31. 77. 105. 2. 62. 48. 13. 46. 72. 69.
    97. 18. 37. 67. 54. 41. 2. 15. 41. 66. 9. 73. 110. 109. 83. 107. 93.
    105. 82. 68. 109. 72. 108. 82. 76. 109. 105. 54. 100. 40. 31. 7. 4.
    28. 17. 32. 8. 6. 26. 39. 46. 34. 47. 13. 40. 11. 6. 13. 1. 2. 22.
    3. 18. 15. 0. 38. 14. 29. 32. 8. 2. 25. 5. 3. 21. 0. 5. 25. 6. 17.
    2. 4. 20. 8. 43. 17. 9. 3. 35. 4. 47. 79. 7. 34. 97. 41. 31. 3. 48.
    44. 58. 116. 25. 60. 60. 98. 33. 16. 56. 18. 17. 56. 21. 79. 8. 18.
    51. 44. 93. 19. 31. 40. 82. 19. 16. 14. 33. 35. 30. 44. 33. 29. 34.
    19. 45. 10. 17. 25. 28. 14. 27. 40. 81. 62. 69. 78. 47. 109. 117.
    52. 117. 93. 71. 80. 87. 65. 74. 104. 19. 8. 45. 32. 65. 24. 3. 106.
    45. 143. 29. 17. 115. 25. 15. 6. 29. 5. 30. 6. 2. 28. 5. 8. 9. 4.
    49. 6. 12. 20. 7. 6. 12. 5. 14. 27. 9. 1. 11. 4. 20. 3. 0. 11. 9.
    53. 11. 15. 4. 55. 7. 27. 22. 11. 8. 16. 18. 17. 8. 3. 22. 24. 26.
    48. 26. 7. 25. 13. 110. 83. 93. 107. 61. 104. 49. 77. 109. 38. 108.
    53. 78. 109. 94. 34. 106. 69. 104. 125. 58. 88. 60. 121. 105. 67.
    42. 108. 103. 62. 109. 105. 105. 88. 46. 22. 29. 31. 40. 46. 40. 21.
    43. 7. 70. 30. 9. 65. 83. 31. 22. 10. 21. 32. 16. 32. 18. 13. 117.
    13. 140. 37. 15. 84. 13. 20. 13. 16. 6. 16. 136. 8. 29. 3. 22. 117.
    10. 25. 35. 36. 115. 17. 17. 23. 17. 27. 78. 8. 5. 26. 11. 41. 8. 3.
    3. 13. 40. 11. 16. 19. 43. 29. 75. 46. 9. 13. 18. 42. 54. 1. 1. 1.
    8. 40. 2. 22. 12. 40. 57. 10. 3. 3. 5. 38. 14. 7. 2. 2. 4. 2. 1. 3.
    3. 3. 2. 16. 14. 3. 14. 23. 22. 27. 11. 5. 10. 2. 20. 3. 1. 17. 30.
    2. 37. 41. 11. 19. 48. 40. 86. 39. 10. 46. 0. 32. 17. 0. 21. 35. 13.
    57. 110. 44. 11. 101. 66. 101. 50. 5. 109. 0. 73. 20. 0. 73. 105.
    41. 53. 47. 43. 136. 37. 27. 35. 58. 117. 26. 5. 81. 41. 43. 85. 56.
    40. 41. 11. 8. 1. 6. 6. 4. 4. 5. 6. 4. 2. 1. 2. 5. 9. 4. 8. 2. 4. 1.
    11. 3. 1. 0. 1. 3. 0. 8. 0. 5. 9. 24. 1. 5. 3. 16. 6. 9. 13. 1. 1.
    2. 5. 6. 8. 3. 4. 3. 8. 3. 3. 8. 63. 11. 31. 36. 18. 40. 6. 14. 15.
    9. 17. 8. 14. 27. 35. 13. 21. 123. 3. 33. 30. 27. 121. 12. 50. 14.
    18. 116. 7. 10. 43. 119. 27. 34. 57. 25. 9. 16. 19. 85. 59. 12. 37.
    28. 43. 81. 35. 9. 42. 45. 110. 14. 86. 60. 56. 63. 10. 52. 43. 110.
    108. 3. 100. 109. 65. 6. 81. 33. 30. 18. 12. 45. 37. 17. 59. 28. 72.
    23. 4. 28. 32. 13. 18. 42. 80. 46. 28. 96. 108. 105. 26. 25. 109.
    45. 96. 40. 21. 80. 66. 23. 97. 42. 23. 12. 53. 26. 24. 18. 6. 48.
    28. 32. 6. 8. 20. 49. 2. 25. 25. 27. 16. 39. 38. 25. 13. 14. 44. 37.
    46. 36. 15. 53. 64. 20. 56. 34. 29. 24. 42. 51. 35. 39. 25. 30. 27.
    38. 35. 10. 41. 52. 28. 43. 53. 67. 3. 49. 83. 78. 53. 1. 63. 16.
    66. 116. 7. 42. 49. 85. 60. 22. 45. 5. 11. 29. 17. 48. 3. 8. 29. 16.
    78. 18. 21. 19. 65. 12. 31. 24. 51. 12. 15. 12. 18. 18. 8. 33. 39.
    15. 55. 39. 12. 15. 13. 29. 91. 36. 41. 70. 19. 56. 114. 22. 90. 35.
    71. 115. 59. 22. 83. 49. 73. 8. 83. 44. 77. 64. 7. 108. 63. 143. 54.
    8. 115. 49. 46. 3. 67. 41. 15. 29. 43. 54. 51. 24. 51. 39. 122. 44.
    22. 31. 37. 77. 9. 34. 25. 6. 8. 40. 51. 25. 10. 6. 47. 26. 54. 19.
    17. 50. 52. 15. 43. 32. 3. 5. 58. 28. 21. 2. 5. 48. 4. 27. 9. 8. 24.
    38. 5. 34. 61. 35. 48. 107. 108. 95. 20. 8. 109. 10. 66. 22. 45. 68.
    51. 15. 106. 37. 119. 95. 27. 84. 24. 106. 19. 17. 28. 49. 101. 109.
    66. 45. 119. 62. 53. 72. 12. 19. 28. 22. 41. 10. 9. 8. 54. 89. 13.
    63. 47. 70. 15. 21. 29. 26. 11. 15. 14. 8. 40. 8. 82. 15. 12. 43.
    16. 9. 16. 9. 18. 19. 136. 34. 35. 24. 9. 117. 37. 14. 9. 11. 115.
    9. 9. 14. 23. 8. 24. 26. 41. 32. 17. 3. 59. 26. 10. 9. 6. 23. 8. 24.
    8. 6. 4. 11. 1. 10. 8. 1. 0. 1. 10. 2. 19. 9. 2. 7. 15. 10. 2. 9. 3.
    2. 2. 3. 1. 0. 1. 5. 3. 20. 3. 2. 16. 73. 17. 6. 6. 2. 14. 2. 6. 3.
    3. 1. 6. 2. 15. 1. 2. 23. 36. 2. 11. 16. 17. 34. 13. 20. 32. 39. 3.
    14. 1. 14. 21. 5. 20. 14. 21. 57. 110. 123. 7. 77. 55. 85. 97. 3.
    34. 0. 68. 99. 1. 66. 71. 85. 100. 47. 92. 61. 12. 22. 18. 61. 36.
    10. 2. 38. 65. 10. 44. 17. 79. 43. 18. 1. 2. 4. 2. 3. 0. 1. 4. 3.
    26. 0. 3. 11. 17. 0. 12. 14. 9. 4. 20. 2. 4. 6. 0. 9. 4. 22. 0. 15.
    18. 63. 3. 25. 15. 46. 14. 32. 13. 7. 62. 2. 19. 14. 12. 6. 16. 16.
    83. 30. 14. 15. 61. 52. 70. 44. 72. 98. 28. 39. 40. 29. 23. 39. 47.
    47. 82. 21. 40. 123. 12. 71. 55. 82. 121. 26. 59. 31. 32. 116. 8.
    17. 45. 119. 58. 25. 47. 6. 14. 34. 16. 26. 12. 22. 13. 6. 18. 5. 8.
    5. 2. 20. 3. 8. 3. 1. 29. 5. 1. 21. 1. 8. 0. 0. 6. 2. 0. 0. 7. 5. 2.
    5. 3. 10. 5. 0. 19. 2. 2. 1. 0. 3. 2. 0. 1. 3. 15. 18. 15. 9. 22.
    22. 5. 25. 11. 22. 13. 9. 13. 10. 9. 12. 12. 47. 97. 25. 106. 54.
    69. 44. 28. 64. 22. 26. 30. 28. 22. 37. 50. 38. 59. 85. 104. 107.
    108. 105. 121. 38. 109. 94. 79. 99. 71. 106. 97. 119. 104. 73. 31.
    66. 87. 71. 86. 43. 65. 79. 79. 82. 58. 83. 95. 98. 60. 57. 91. 24.
    26. 64. 40. 63. 37. 27. 79. 34. 108. 116. 11. 43. 53. 52. 71. 81.
    22. 23. 20. 49. 37. 18. 13. 52. 33. 34. 34. 23. 52. 18. 3. 75. 78.
    46. 12. 22. 63. 52. 19. 6. 10. 5. 16. 5. 22. 81. 22. 2. 62. 16. 25.
    11. 18. 23. 12. 5. 20. 11. 8. 16. 12. 10. 13. 11. 6. 11. 110. 24.
    48. 72. 41. 75. 62. 68. 76. 143. 108. 47. 115. 65. 62. 16. 96. 77.
    56. 79. 74. 58. 88. 88. 52. 87. 81. 86. 75. 37. 75. 92. 37. 57. 57.
    20. 136. 101. 108. 105. 40. 116. 107. 72. 85. 48. 115. 103. 105. 67.
    82. 51. 6. 34. 98. 63. 67. 16. 31. 70. 15. 33. 6. 53. 31. 53. 29.
    43. 10. 1. 8. 11. 17. 22. 10. 2. 16. 2. 10. 3. 8. 9. 15. 9. 14. 15.
    8. 9. 13. 20. 15. 8. 3. 15. 4. 14. 2. 22. 11. 13. 6. 15. 65. 13. 7.
    19. 74. 48. 11. 4. 10. 2. 20. 8. 13. 71. 9. 5. 56. 69. 19. 6. 39.
    56. 47. 16. 37. 57. 99. 29. 36. 31. 62. 4. 9. 43. 33. 7. 136. 54.
    68. 73. 15. 117. 49. 36. 25. 5. 115. 25. 9. 2. 51. 17. 14. 44. 66.
    49. 63. 18. 76. 52. 8. 38. 11. 19. 23. 25. 5. 14. 15. 17. 21. 44.
    21. 11. 6. 26. 26. 2. 16. 13. 5. 19. 80. 67. 14. 36. 11. 13. 10. 1.
    8. 3. 8. 5. 3. 24. 15. 3. 22. 105. 92. 39. 11. 3. 3. 7. 1. 2. 0. 1.
    8. 3. 43. 13. 1. 35. 25. 7. 13. 1. 3. 4. 5. 2. 2. 3. 1. 11. 1. 12.
    5. 1. 9. 0. 2. 6. 1. 3. 1. 2. 10. 4. 18. 0. 2. 0. 1. 7. 0. 1. 0. 3.
    11. 8. 4. 9. 25. 28. 14. 12. 60. 27. 11. 5. 6. 5. 8. 0. 2. 11. 15.
    3. 4. 12. 3. 4. 3. 3. 4. 4. 14. 0. 3. 3. 20. 4. 8. 17. 3. 9. 19. 6.
    7. 5. 1. 11. 11. 18. 0. 5. 4. 36. 3. 10. 49. 16. 40. 54. 79. 60. 16.
    6. 55. 9. 13. 1. 17. 38. 70. 7. 50. 32. 19. 53. 84. 76. 94. 77. 31.
    109. 53. 55. 8. 43. 35. 20. 119. 58. 12. 123. 11. 23. 22. 30. 121.
    39. 19. 29. 28. 116. 16. 14. 5. 119. 15. 7. 26. 5. 4. 11. 9. 30. 4.
    7. 9. 4. 12. 2. 9. 5. 2. 8. 8. 7. 1. 9. 2. 1. 5. 2. 6. 7. 8. 1. 7.
    14. 28. 2. 13. 1. 3. 6. 20. 1. 1. 3. 5. 2. 3. 3. 0. 4. 2. 15. 4. 3.
    1. 20. 3. 8. 14. 9. 17. 5. 9. 24. 3. 9. 4. 1. 7. 18. 0. 5. 41. 8.
    13. 21. 22. 33. 9. 19. 9. 6. 10. 11. 4. 24. 32. 9. 110. 80. 48. 55.
    47. 41. 57. 27. 67. 36. 64. 32. 89. 109. 78. 46. 106. 44. 19. 68.
    25. 34. 39. 26. 52. 70. 54. 67. 30. 35. 34. 27. 38. 40. 13. 20. 43.
    17. 12. 20. 23. 41. 28. 28. 29. 116. 10. 9. 8. 22. 11. 28. 15. 28.
    23. 21. 26. 22. 40. 25. 36. 13. 22. 29. 27. 10. 3. 36. 73. 59. 23.
    70. 27. 39. 29. 13. 41. 43. 82. 35. 53. 91. 69. 22. 83. 11. 35. 12.
    60. 10. 16. 41. 8. 35. 10. 26. 24. 10. 6. 21. 18. 8. 11. 21. 71. 18.
    8. 22. 59. 117. 22. 143. 22. 33. 115. 9. 10. 13. 18. 21. 45. 50. 35.
    35. 51. 66. 33. 69. 36. 54. 70. 15. 40. 16. 28. 52. 110. 41. 36. 52.
